sensors:
  - id: 56dea1629b916c2d86b9c56d657ed338
    sensor_type: POINTCLOUD_MAP
    topic: /velodyne/point_cloud_throttled
    description: Anymal - VLP 16 Throttled
  - id: 697b563325d1533fdc0c0acb18d90281
    sensor_type: NCAMERA
    topic: ""
    description: NCAMERA containing Blackfly S 1.6MP Color
    T_G_B_fixed_covariance:
      rows: 6
      cols: 6
      data:
        - [0.1, 0, 0, 0, 0, 0]
        - [0, 0.1, 0, 0, 0, 0]
        - [0, 0, 0.1, 0, 0, 0]
        - [0, 0, 0, 0.01, 0, 0]
        - [0, 0, 0, 0, 0.01, 0]
        - [0, 0, 0, 0, 0, 0.01]
    cameras:
      - camera:
          id: 7d29adfe55cdda108a1c29ca7f79e42a
          sensor_type: CAMERA
          topic: /versavis/cam0/small
          description: Blackfly S 1.6MP Color downsampled by 0.5x
          compressed: false
          line-delay-nanoseconds: 0
          image_height: 540
          image_width: 720
          type: pinhole
          intrinsics:
            rows: 4
            cols: 1
            data:
              - 596.963983827
              - 597.882048437
              - 363.956268534
              - 272.231242405
          distortion:
            type: equidistant
            parameters:
              rows: 4
              cols: 1
              data:
                - -0.01324969759714768
                - -0.03434468484906252
                - 0.06114220188476528
                - -0.04452301964998059
        T_B_C:
          rows: 4
          cols: 4
          data:
            - [-0.01005021852861021, 0.007237458791293061, 0.9999233032076895, 0.0468449834585721]
            - [-0.9999448358791656, 0.002979922906632959, -0.01007200367675032, 0.1048589925836307]
            - [-0.003052590067663619, -0.9999693691557359, 0.007207110666828997, 0.001061418544142323]
            - [0, 0, 0, 1]
  - id: 3e103bc4434dbaa484e09b04854d5428
    sensor_type: ODOMETRY_6DOF
    topic: /msf_core/maplab_odometry
    description: "Odometry: LOAM + MSF in IMU Frame"
    T_St_Stp1_fixed_covariance:
      rows: 6
      cols: 6
      data:
        - [0.001, 0, 0, 0, 0, 0]
        - [0, 0.001, 0, 0, 0, 0]
        - [0, 0, 0.001, 0, 0, 0]
        - [0, 0, 0, 0.1, 0, 0]
        - [0, 0, 0, 0, 0.1, 0]
        - [0, 0, 0, 0, 0, 0.005]
  - id: 9bba1718950e74c8b1f52c9762eebc9e
    sensor_type: IMU
    topic: /versavis/imu
    description: ADIS-16448 IMU
    sigmas:
      gyro_noise_density: 0.005
      gyro_bias_random_walk_noise_density: 4e-06
      acc_noise_density: 0.01
      acc_bias_random_walk_noise_density: 0.0002
    saturation_accel_max_mps2: 150
    saturation_gyro_max_radps: 7.5
    gravity_magnitude_mps2: 9.808083883386614
  - id: 7763902ab3a8d2d9e06f7006e2f0669a
    sensor_type: ABSOLUTE_6DOF
    topic: /anymal/absolute_reference
    description: Absolute pose constraints from AprilTags
    T_G_S_fixed_covariance:
      rows: 6
      cols: 6
      data:
        - [0.25, 0, 0, 0, 0, 0]
        - [0, 0.25, 0, 0, 0, 0]
        - [0, 0, 0.25, 0, 0, 0]
        - [0, 0, 0, 0.008, 0, 0]
        - [0, 0, 0, 0, 0.008, 0]
        - [0, 0, 0, 0, 0, 0.001]
extrinsics:
  - sensor_id: 56dea1629b916c2d86b9c56d657ed338
    base_sensor_id: 9bba1718950e74c8b1f52c9762eebc9e
    T_B_S:
      rows: 4
      cols: 4
      data:
        - [0.9999874213511631, -0.004957927403632594, -0.0007590094278570014, -0.02715030606424891]
        - [0.00495486045362637, 0.9999797618555115, -0.003990643717431052, 0.04506446949568683]
        - [0.0007787793887593181, 0.00398683273472708, 0.9999917492996675, 0.04861247181001468]
        - [0, 0, 0, 1]
  - sensor_id: 697b563325d1533fdc0c0acb18d90281
    base_sensor_id: 9bba1718950e74c8b1f52c9762eebc9e
    T_B_S:
      rows: 4
      cols: 4
      data:
        - [1, 0, 0, 0]
        - [0, 1, 0, 0]
        - [0, 0, 1, 0]
        - [0, 0, 0, 1]
  - sensor_id: 3e103bc4434dbaa484e09b04854d5428
    base_sensor_id: 9bba1718950e74c8b1f52c9762eebc9e
    T_B_S:
      rows: 4
      cols: 4
      data:
        - [1, 0, 0, 0]
        - [0, 1, 0, 0]
        - [0, 0, 1, 0]
        - [0, 0, 0, 1]
  - sensor_id: 9bba1718950e74c8b1f52c9762eebc9e
    base_sensor_id: 9bba1718950e74c8b1f52c9762eebc9e
    T_B_S:
      rows: 4
      cols: 4
      data:
        - [1, 0, 0, 0]
        - [0, 1, 0, 0]
        - [0, 0, 1, 0]
        - [0, 0, 0, 1]
  - sensor_id: 7763902ab3a8d2d9e06f7006e2f0669a
    base_sensor_id: 9bba1718950e74c8b1f52c9762eebc9e
    T_B_S:
      rows: 4
      cols: 4
      data:
        - [-0.01005021852861021, 0.007237458791293061, 0.9999233032076895, 0.0468449834585728]
        - [-0.9999448358791656, 0.002979922906632959, -0.01007200367675032, 0.1048589925836315]
        - [-0.003052590067663619, -0.9999693691557359, 0.007207110666828997, 0.001061418544142545]
        - [0, 0, 0, 1]